17 18
0 1 2
0 2 1
1 3 1
1 4 1
1 5 1
2 3 4
4 5 3
5 6 1
5 8 6
5 9 6
6 7 1
8 9 1
10 11 1
11 12 3
11 13 3
12 13 7
14 15 4
15 16 7

BL:
0 1 2 3 4 5 6 8 9 7 10 11 12 13 14 15 16

Caminhos BL:
0
0 1
0 2
0 1 3
0 1 4
0 1 5
0 1 5 6
0 1 5 6 7
0 1 5 8
0 1 5 9
10
10 11
10 11 12
10 11 13
14
14 15
14 15 16

BP:
0 1 3 2 4 5 6 7 8 9 10 11 12 13 14 15 16

Caminhos BP:
0
0 1
0 1 3 2
0 1 3
0 1 4
0 1 4 5
0 1 4 5 6
0 1 4 5 6 7
0 1 4 5 8
0 1 4 5 8 9
10
10 11
10 11 12
10 11 12 13
14
14 15
14 15 16

Componentes Conectados:
C1: 0 1 3 2 4 5 6 7 8 9
C2: 10 11 12 13
C3: 14 15 16

Vertices de articulação:
1 5 6 11 15
